0.2805591339114592 5.778234014966965e-10
0.2808915847265062 7.320215669224075e-10
0.2818578835206689 8.203987905736162e-10
0.28299238023102835 1.003038561301363e-9
0.28329872030169945 1.0905254670796302e-9
0.2845674388758015 1.2668244566503952e-9
0.28630390566077 1.4250095230191809e-9
0.283099048937752 6.134470622303257e-10
0.2874900864855829 1.643362770225644e-9
0.28913929372124636 1.811987053262649e-9
0.2915319333424202 1.9856254775207904e-9
0.29314324557434956 2.259466407907163e-9
0.2968737650853333 2.517307934861785e-9
0.3004168504084459 2.882055727149145e-9
0.3046741144506673 3.1999925924227032e-9
0.31179016803439746 3.815597059617412e-9
0.31712027214811683 4.1913375717578314e-9
0.3245520097968387 4.867756047516656e-9
0.3321077407033444 5.2980362184772e-9
0.3398772605172784 6.04931023377259e-9
0.3477852598071022 6.547437710673969e-9
0.35681868712196474 7.419130288244653e-9
0.3660463680010954 8.017661392604889e-9
0.3765031884197621 9.041391469538505e-9
0.3857486089149788 9.74862562253906e-9
0.39726830483002934 1.0955230503086979e-8
0.40753399282492536 1.1738849172831852e-8
0.41917694561345425 1.3250728540066078e-8
0.43054859594921235 1.4119545383709476e-8
0.4456595500337098 1.585885523649218e-8
0.45717206912319136 1.6935310105251313e-8
0.4714117889553203 1.8857029599477087e-8
0.48419451542437786 1.998711965176074e-8
0.5011797711548195 2.228606003548701e-8
0.5147636439323288 2.35028971390875e-8
0.5328187248834606 2.6152985512934355e-8
0.5472614846055813 2.761024004530534e-8
0.5606666452503585 2.9017485113009644e-8
0.5751659683181228 3.1356902076362604e-8
0.5915111501274438 3.323025910165086e-8
0.6083299284702592 3.544253184600128e-8
0.6256427591820345 3.8215452351654596e-8
0.643412975401525 4.024443512145472e-8
0.6617424821257423 4.390968051444169e-8
0.6805445118318203 4.64302309263114e-8
0.6999431697436067 5.101308713854884e-8
0.719854291206948 5.470994085437608e-8
0.7403955493248177 6.088566777160843e-8
0.7595394306494069 6.566840125781526e-8
0.7782657333653978 7.380035493027221e-8
0.7963817535231188 8.022033764825073e-8
0.8149968019326572 9.082798548224103e-8
0.8350776652141909 1.0140904742112759e-7
0.8494389082285851 1.1438343613111648e-7
0.8635112877128628 1.2707518059887668e-7
0.8757410015904624 1.4214693140581507e-7
0.8854449184918001 1.5700208191406234e-7
0.9044837376698662 1.915333701076174e-7
0.8975477101209358 1.667107476861838e-7
0.9156083123122434 2.1497727338601837e-7
0.9253205232531282 2.45105076482467e-7
0.9326254532243252 2.7384018608720353e-7
0.9448327909363263 3.259342347838179e-7
0.9430526617827496 2.8991127036996947e-7
0.9544202947819658 3.709703531177851e-7
0.9616626676213835 4.3613848849543567e-7
0.9692707122208191 4.90784417252864e-7
0.9770429891605538 5.781373263342233e-7
0.9882891819144884 6.430687249361096e-7
0.995969068777366 7.463497145674615e-7
1.0036678784980348 5.406504771042683e-7
1.0033995260001083 4.819616243134833e-7
1.008290096197805 4.407193721803399e-7
1.0066129964314359 6.406364056042864e-7
1.0135426891021804 3.815666113865751e-7
1.0153060436898047 3.302745654301635e-7
1.0195301226250801 2.922332048427031e-7
1.0245010433233253 2.5944911600037564e-7
1.030010820023487 2.3101700347710292e-7
1.0343687261929202 2.0439212882501338e-7
1.0399099249897858 1.8037290539488305e-7
1.0449044938199197 1.5999753198868695e-7
1.0515352049648308 1.427322376412737e-7
1.056112496017288 1.1646421390114675e-7
1.0640639055193923 1.0479884148714096e-7
1.0715479620260944 9.053075082121169e-8
1.0767878154909563 7.93247878629964e-8
1.081999300547503 7.148501012515082e-8
1.0872375464284574 6.44592205735817e-8
1.0959751020775832 5.653231164550351e-8
1.1004848545385757 5.056200621853618e-8
1.1099496172211352 4.426873999661058e-8
1.118079984127719 3.879392422295601e-8
1.1262784033280286 3.410658853628531e-8
1.134529805009709 2.990470368185008e-8
1.1428545923143498 2.6348309117448346e-8
1.1524035038363993 2.3171718267624106e-8
1.1593217207603042 2.0463865201441154e-8
1.1693933081365757 1.8093357416292007e-8
1.177786103801958 1.60072800588001e-8
1.1864685724312185 1.4310897279838e-8
1.1952285734399928 1.2856661527322206e-8
1.207449498286167 1.1549471457003337e-8
1.2226744188820342 1.0212223995708146e-8
1.2436974126715077 9.407415799018295e-9
1.2779713124559446 9.648445779421108e-9
1.314447622769047 1.076926847692218e-8
1.3518078855625417 1.143454246351108e-8
1.390019791407945 1.0389640565536648e-8
1.4145579708636524 9.343101509077504e-9
1.4339080523315806 8.260898070198963e-9
1.4497533660920316 7.3320117606728024e-9
1.4572849444535496 6.5826983525904426e-9
1.4656856710293487 5.969207231125765e-9
1.474624074534872 5.3427963438782736e-9
1.4817289840717647 4.770228772892516e-9
1.4870088991101262 4.2921882091984206e-9
1.492311850484691 3.866751947857722e-9
1.4995286492412911 3.4788507481945096e-9
1.5067291919248684 3.08453147268599e-9
1.5233509053154042 2.7365474249170107e-9
1.5291527554804938 2.5549124982458256e-9
1.5554136512513912 3.234817771536433e-9
1.5490381887260223 2.838004371496e-9
1.5685035887185454 3.763829115669563e-9
1.5747386447031393 4.2271513901934536e-9
1.585386203984191 4.798796509464197e-9
1.5988792793961017 5.407354096165464e-9
1.6078506435188118 6.076474853786175e-9
1.6267279536668928 6.806623936720686e-9
1.6541987730925134 7.63597651373221e-9
1.693549736586865 7.4190228735228345e-9
1.7134431876581626 6.7002235044720375e-9
1.7329055792633947 6.00616141873576e-9
1.7520809127493837 5.3648630016278416e-9
1.7694870203912172 4.807721120402178e-9
1.7870382411947447 4.279725014110121e-9
1.809315486764436 3.7833430755475675e-9
1.855382660288364 3.4578985462513306e-9
1.9077291437622559 3.36378621496097e-9
1.9618148657454992 3.46581055611992e-9
2.006262600572356 3.6088335514864536e-9
