0.9939463386294626 6.4165443321200626e-9
1.0029956973063714 1.0606935728913931e-7
1.0007896239359055 9.128638085335498e-8
1.0005404815445236 8.20240939028383e-8
1.000291401176098 7.370159620403406e-8
1.0000423828151883 6.622353292261773e-8
0.9997934264463582 5.950422431302758e-8
0.9995445320541747 5.346668404466556e-8
0.9992956996232095 4.804173713270675e-8
0.999046929138037 4.316722736723314e-8
0.9987982205832368 3.878730515982519e-8
0.9985495739433911 3.485178764813107e-8
0.9983009892030862 3.131558372682512e-8
0.998052466346913 2.8138177417260385e-8
0.9978040053594653 2.5283163656534315e-8
0.9975556062253416 2.2717831187281444e-8
0.9973072689291431 2.0412787769161705e-8
0.9970589934554762 1.834162341791309e-8
0.9968107797889502 1.6480607813537934e-8
0.996562627914178 1.4808418410683483e-8
0.9963145378157776 1.3305896136047582e-8
0.9960665094783693 1.1955825873717599e-8
0.9958185428865786 1.074273922335871e-8
0.9955706380250336 9.652737271357104e-9
0.9953227948783674 8.673331344323127e-9
0.995075013431216 7.79329992039053e-9
0.9911787126625813 7.399973723321325e-9
0.9949143638886828 5.243899394031625e-9
0.9938370311507202 4.5645571728624625e-9
0.9908714063983719 4.189029159991538e-9
1.009781776215561 1.4381476192108774e-7
1.0047790433543566 1.22405062213227e-7
0.9997632541285628 3.855849131575695e-9
1.037969004965503 1.3934388997770139e-7
1.0629967040064416 1.247193281211279e-7
1.0900157334982123 1.1194057281132821e-7
1.120592276324241 1.0177176770862475e-7
1.1520893554925136 9.472033624040634e-8
1.1845253601917574 8.988914378813335e-8
1.217935968291436 8.71724731201276e-8
1.2523456433210298 8.619847658358927e-8
1.2878056446370219 8.748789094066754e-8
1.3243923172093532 9.240096516534156e-8
1.3618726945369772 9.320448962501716e-8
1.4003129171714657 9.115006847345923e-8
1.4397996390987566 8.812215455820174e-8
1.480404396547048 8.530789416633885e-8
1.5221480119166657 8.24375975787457e-8
1.5650477580896351 7.920733530463463e-8
1.6090986342219673 7.49351187372726e-8
1.6542889756678003 6.906806086624676e-8
1.6963549957708044 6.226907030041462e-8
1.7394803498487672 5.599614812914468e-8
1.788247732135693 5.057290637872037e-8
1.8384334054787843 4.622338359893217e-8
1.8900197196184 4.217329602246416e-8
1.9430475449581748 3.842707683168195e-8
1.992527315035567 3.517940952720787e-8
2.0331238996588668 3.3530499199716175e-8
